paris-nice_2023_stage7_route_1_segment_wind.json
{"title": "Weather data", "features": [[{"title": "2023-03-12T12:00:00Z", "header": {"parameterCategory": 2, "parameterNumber": 2, "lo1": 6.895666, "la1": 44.100144, "dx": 0.1, "dy": 0.1, "nx": 4, "ny": 5, "refTime": "2023-03-12T12:00:00Z"}, "data": [-2.049615169207864, -2.5922198251128283, -2.722883475835671, -2.769282365386215, -3.1940313549499746, -3.0485167400114763, -2.9499620850832016, -2.9723411780913986, -3.0760374270026207, -2.7889149831501547, -2.407906416994145, -2.4090761330215575, -3.0744932933043017, -2.7830906752745026, -2.1279890561069292, -1.8549624135278733, -1.8520114907168757, -2.092910923016049, -1.8924780242804622, -1.8938798690668694]}, {"header": {"parameterCategory": 2, "parameterNumber": 3, "lo1": 6.895666, "la1": 44.100144, "dx": 0.1, "dy": 0.1, "nx": 4, "ny": 5, "refTime": "2023-03-12T12:00:00Z"}, "data": [4.560600580861365, 3.8000521546805137, 2.930171595149515, 2.140344640650409, 0.1953553265115416, 0.9729057949615689, 1.2400498766467303, 0.88044756858216, -0.8820395386143969, 0.248904031226036, 0.6722995515381645, 0.6680959401956426, -0.8874068905676081, 0.3072560710549278, 0.5582674780865717, 0.41123526648239517, -1.6793014733074751, -0.9537944581093496, -0.16889916404623823, -0.1523779562248315]}], [{"title": "2023-03-12T13:00:00Z", "header": {"parameterCategory": 2, "parameterNumber": 2, "lo1": 6.895666, "la1": 44.100144, "dx": 0.1, "dy": 0.1, "nx": 4, "ny": 5, "refTime": "2023-03-12T13:00:00Z"}, "data": [-2.7119059719545295, -2.8372250926844877, -2.5111290853819677, -2.4676496657819786, -3.0720479191159926, -2.7889149831501547, -2.75996971344879, -2.798294315653468, -2.9957658458961207, -2.6937475528561343, -2.5620605360570745, -2.598253823824506, -2.8341872612262176, -2.6999629890680525, -2.1444746272206876, -1.9917687972319407, -1.5322676341324413, -1.620411625114212, -1.967770075867083, -1.9810189264766176]}, {"header": {"parameterCategory": 2, "parameterNumber": 3, "lo1": 6.895666, "la1": 44.100144, "dx": 0.1, "dy": 0.1, "nx": 4, "ny": 5, "refTime": "2023-03-12T13:00:00Z"}, "data": [3.3369995503861487, 2.52787534768657, 1.8177543058809473, 1.3231421416333504, -0.41535717479670525, 0.248904031226036, 0.4717702627820066, 0.09771859076700319, -0.7971116587795587, 0.18364128479617098, 0.442544697831685, -0.09527364263704584, -1.2559389190175743, 0.014137102344833516, 0.49115025522409367, 0.18126516039555993, -1.975387530939226, -1.3357642625833044, -0.3576044302326997, -0.2748890920742937]}], [{"title": "2023-03-12T14:00:00Z", "header": {"parameterCategory": 2, "parameterNumber": 2, "lo1": 6.895666, "la1": 44.100144, "dx": 0.1, "dy": 0.1, "nx": 4, "ny": 5, "refTime": "2023-03-12T14:00:00Z"}, "data": [-2.842879072667175, -2.809549466417988, -2.5045435897902193, -2.439005290730912, -3.0651447812457184, -2.895756343946014, -2.58479250632802, -2.6913029718318673, -3.081278961911057, -2.8222187310535554, -2.419272926204928, -2.6750191692728977, -2.9597584784586717, -2.831258420647807, -2.306345223640616, -2.3723853283408403, -1.5253629097531696, -1.9112642793309549, -2.27872003308432, -2.2833418864377246]}, {"header": {"parameterCategory": 2, "parameterNumber": 3, "lo1": 6.895666, "la1": 44.100144, "dx": 0.1, "dy": 0.1, "nx": 4, "ny": 5, "refTime": "2023-03-12T14:00:00Z"}, "data": [3.091607765902885, 2.2508735628085383, 1.6514422202549874, 1.1581248601884941, -0.4635595646754992, 0.15682855765584797, 0.28079832483565953, -0.21653709568791846, -0.3401763643822408, 0.6671442378455037, 0.6301733956077836, -0.36643204557262266, -0.921862109641137, 0.6276748804204979, 0.9647651058107963, 0.3630259685933261, -1.9807241083879765, -1.279479915650701, 0.3121458165989002, 0.2763147293196887]}], [{"title": "2023-03-12T15:00:00Z", "header": {"parameterCategory": 2, "parameterNumber": 2, "lo1": 6.895666, "la1": 44.100144, "dx": 0.1, "dy": 0.1, "nx": 4, "ny": 5, "refTime": "2023-03-12T15:00:00Z"}, "data": [-2.7778485001957924, -2.785138227007679, -2.479805229626335, -2.912149444734572, -2.653054550667761, -2.599223873431076, -2.599984159910255, -2.9096160458542406, -2.699407845382083, -2.647219113975824, -2.750138600097978, -2.9288880213598, -2.684712449159653, -2.5793074825447633, -2.524031518225709, -2.8387154274088866, -1.514380066526259, -2.7251086002791345, -2.700061866001332, -2.745282854335519]}, {"header": {"parameterCategory": 2, "parameterNumber": 3, "lo1": 6.895666, "la1": 44.100144, "dx": 0.1, "dy": 0.1, "nx": 4, "ny": 5, "refTime": "2023-03-12T15:00:00Z"}, "data": [2.28988159299995, 1.575755392331095, 1.0679728569200058, 0.7206841274317916, -0.501299861541058, 0.06352366319689803, -0.009075693679580821, -0.7308450353580667, 0.056544533685063, 1.1841583351060165, 0.9201835035747672, -0.6493188418143089, -0.2869129926078295, 1.3255839884702127, 1.4280283243000547, 0.5930385503411925, -1.5958236162270327, -0.9918584156444391, 1.058142674579097, 0.9345705161684824]}], [{"title": "2023-03-12T16:00:00Z", "header": {"parameterCategory": 2, "parameterNumber": 2, "lo1": 6.895666, "la1": 44.100144, "dx": 0.1, "dy": 0.1, "nx": 4, "ny": 5, "refTime": "2023-03-12T16:00:00Z"}, "data": [-2.4782957362616624, -1.9658706982991083, -2.1631607966407, -2.9801182968011894, -2.0780041570448358, -2.0892494885404553, -2.188737559423334, -2.698673336865541, -2.081552634528238, -2.0234321861676547, -2.322765609652378, -2.8314028547496877, -2.0991812415847444, -1.650299334325896, -1.7731957361624957, -2.65947421571686, -1.4078958998134778, -2.5817103210769963, -2.0205794997881243, -2.170604444484857]}, {"header": {"parameterCategory": 2, "parameterNumber": 3, "lo1": 6.895666, "la1": 44.100144, "dx": 0.1, "dy": 0.1, "nx": 4, "ny": 5, "refTime": "2023-03-12T16:00:00Z"}, "data": [0.7861617159511559, 0.3679027012254406, 0.40091815608272496, 0.3448114514786, -0.30314802210204417, 0.21221822408418742, -0.22232385380248249, -1.3104053651031071, 0.2777384195399568, 1.6327039498882787, 1.168229396401331, -0.9915431781396697, 0.05863544131949499, 2.0091072910931125, 1.9015196242098438, 1.1563722998832136, -1.5581492660487948, -0.30785031759690257, 1.6362330167295773, 1.431249924220989]}]]}