paris-nice_2023_stage7_route_1_segment_wind.json
{"title": "Weather data", "features": [[{"header": {"parameterCategory": 2, "parameterNumber": 2, "lo1": 6.395666, "la1": 44.600144, "dx": 0.1, "dy": 0.1, "nx": 14, "ny": 15, "refTime": "2023-03-11T10:00:00Z"}, "data": []}, {"header": {"parameterCategory": 2, "parameterNumber": 3, "lo1": 6.395666, "la1": 44.600144, "dx": 0.1, "dy": 0.1, "nx": 14, "ny": 15, "refTime": "2023-03-11T10:00:00Z"}, "data": []}], [{"header": {"parameterCategory": 2, "parameterNumber": 2, "lo1": 6.395666, "la1": 44.600144, "dx": 0.1, "dy": 0.1, "nx": 14, "ny": 15, "refTime": "2023-03-11T11:00:00Z"}, "data": []}, {"header": {"parameterCategory": 2, "parameterNumber": 3, "lo1": 6.395666, "la1": 44.600144, "dx": 0.1, "dy": 0.1, "nx": 14, "ny": 15, "refTime": "2023-03-11T11:00:00Z"}, "data": []}], [{"header": {"parameterCategory": 2, "parameterNumber": 2, "lo1": 6.395666, "la1": 44.600144, "dx": 0.1, "dy": 0.1, "nx": 14, "ny": 15, "refTime": "2023-03-11T12:00:00Z"}, "data": []}, {"header": {"parameterCategory": 2, "parameterNumber": 3, "lo1": 6.395666, "la1": 44.600144, "dx": 0.1, "dy": 0.1, "nx": 14, "ny": 15, "refTime": "2023-03-11T12:00:00Z"}, "data": []}], [{"header": {"parameterCategory": 2, "parameterNumber": 2, "lo1": 6.395666, "la1": 44.600144, "dx": 0.1, "dy": 0.1, "nx": 14, "ny": 15, "refTime": "2023-03-11T13:00:00Z"}, "data": []}, {"header": {"parameterCategory": 2, "parameterNumber": 3, "lo1": 6.395666, "la1": 44.600144, "dx": 0.1, "dy": 0.1, "nx": 14, "ny": 15, "refTime": "2023-03-11T13:00:00Z"}, "data": []}], [{"header": {"parameterCategory": 2, "parameterNumber": 2, "lo1": 6.395666, "la1": 44.600144, "dx": 0.1, "dy": 0.1, "nx": 14, "ny": 15, "refTime": "2023-03-11T14:00:00Z"}, "data": [17.7, 17.9, 17.9, 17.9, 15.6, 15.6, 15.6, 13.9, 13.9, 13.9, 12.9, 12.9, 12.9, 12.8, 17.7, 17.9, 17.9, 17.9, 15.6, 15.6, 15.6, 13.2, 13.2, 13.2, 10.4, 10.4, 9.4, 9.0, 17.0, 17.0, 17.0, 16.6, 16.6, 16.6, 13.5, 13.5, 13.5, 11.6, 11.6, 10.4, 9.6, 9.2, 16.7, 16.6, 16.6, 16.6, 15.0, 15.0, 15.0, 12.4, 12.4, 11.9, 11.4, 10.5, 9.6, 9.2, 16.8, 16.8, 14.5, 14.5, 14.5, 12.8, 12.8, 11.7, 10.1, 8.9, 8.3, 8.1, 8.0, 8.1, -9.2, 13.5, 13.5, 13.5, 10.8, 10.8, 8.0, 7.1, 7.2, 7.1, 7.0, 7.1, 7.3, 7.6, -5.9, -8.2, 4.0, 9.3, 8.7, 6.2, 5.6, 6.4, 7.0, 7.1, 6.9, 6.9, 7.1, 7.6, -1.5, -3.4, -2.5, 6.2, 6.4, 6.3, 7.0, 8.0, 8.5, 8.4, 8.0, 7.1, 6.7, 6.4, 2.1, 1.8, 1.7, 4.8, 6.1, 6.3, 6.7, 6.9, 7.0, 6.9, 6.5, 6.2, 6.1, 6.1, 1.4, 1.5, 1.4, 1.5, 2.3, 2.9, 3.2, 3.3, 3.5, 4.1, 5.4, 5.6, 5.6, 5.6, 2.1, 1.9, 1.6, 1.3, 1.2, 1.8, 2.3, 2.5, 2.5, 2.6, 4.3, 4.7, 4.2, 3.9, 2.4, 2.5, 3.5, 4.7, 4.8, 4.8, 3.1, 2.8, 2.8, 3.3, 3.7, 3.8, 3.7, 2.9, -0.2, 0.8, 3.4, 4.8, 4.7, 4.5, 2.7, 2.5, 2.8, 2.9, 3.3, 3.2, 3.8, 4.3, -0.3, -0.3, 2.4, 4.8, 4.5, 4.1, 2.7, 2.8, 3.0, 3.1, 2.8, 2.7, 2.5, 3.1, 1.0, 0.8, 0.3, 0.9, 1.2, 1.6, 2.4, 3.4, 3.5, 3.5, 3.2, 1.8, 1.5, 1.8]}, {"header": {"parameterCategory": 2, "parameterNumber": 3, "lo1": 6.395666, "la1": 44.600144, "dx": 0.1, "dy": 0.1, "nx": 14, "ny": 15, "refTime": "2023-03-11T14:00:00Z"}, "data": [-0.9, -0.0, -0.0, -0.0, -0.4, -0.4, -0.4, -0.4, -0.4, -0.4, -1.5, -1.5, -1.9, -2.4, 0.8, 1.0, 1.0, 1.0, 0.2, 0.2, 0.2, -2.0, -2.0, -2.0, -4.7, -4.7, -4.7, -4.5, 1.5, 1.5, 1.5, 0.9, 0.9, 0.9, -1.8, -1.8, -1.8, -4.5, -4.5, -4.7, -4.3, -4.1, -0.3, 2.5, 2.5, 2.5, 1.7, 1.7, 1.7, -3.1, -3.1, -3.9, -4.4, -4.4, -4.2, -4.1, 0.7, 0.7, 5.5, 5.5, 5.5, 0.5, 0.5, -2.0, -3.9, -4.6, -5.0, -5.3, -5.5, -5.3, -1.6, 7.7, 7.7, 7.7, -2.2, -2.2, -4.3, -5.4, -6.4, -6.6, -6.7, -6.6, -6.4, -6.0, -0.1, 2.5, 8.4, -0.3, -3.2, -4.9, -5.4, -6.2, -6.5, -6.6, -6.8, -6.8, -6.6, -6.1, 4.8, 3.6, 3.6, -0.6, -2.5, -3.1, -3.5, -3.8, -4.2, -4.5, -5.2, -5.3, -5.3, -4.8, 1.1, 1.6, 1.7, -0.2, -1.6, -2.4, -3.0, -3.0, -2.8, -2.9, -3.5, -4.3, -4.6, -4.5, -2.6, -2.5, -2.4, -2.7, -3.8, -4.1, -4.1, -4.0, -4.0, -4.2, -4.9, -5.1, -5.2, -5.1, -2.0, -2.2, -2.4, -2.7, -2.8, -3.6, -3.4, -3.3, -3.2, -3.3, -4.7, -4.8, -5.2, -5.5, -1.6, -1.5, -1.2, -1.1, -0.3, -0.2, -0.3, -0.6, -1.0, -1.4, -1.8, -2.2, -3.7, -4.4, -2.8, -2.5, -1.4, 0.0, 0.9, 1.5, 1.4, 1.4, 0.8, 0.1, -0.3, -0.6, -1.3, -2.9, -1.6, -2.2, -2.8, 0.6, 1.8, 2.5, 1.5, 1.3, 0.7, 0.4, 0.3, 0.4, 1.1, 1.6, -1.2, -1.3, -2.1, 3.2, 3.1, 2.9, 1.6, 0.9, 0.5, 0.6, 1.0, 1.3, 1.9, 1.7]}]]}