paris-nice_2023_stage7_route_1_segment_wind.json
{"title": "Weather data", "features": [[{"title": "2023-03-12T12:00:00Z", "header": {"parameterCategory": 2, "parameterNumber": 2, "lo1": 6.895666, "la1": 44.100144, "dx": 0.1, "dy": 0.1, "nx": 4, "ny": 5, "refTime": "2023-03-12T12:00:00Z"}, "data": [-1.9521078814289154, -2.2962066014667752, -2.769282365386215, -2.988695753125741, -2.9219279018371545, -2.7427618657027906, -2.694082727281847, -2.6999629890680525, -2.988123196232309, -2.3339510662430043, -1.9753875309392255, -1.819814125825227, -2.885223928647634, -2.4067293660661973, -1.9526348815470251, -1.8932136476292163, -1.4191825128237212, -1.8955841529713566, -2.285215268056151, -2.1874299874788528]}, {"header": {"parameterCategory": 2, "parameterNumber": 3, "lo1": 6.895666, "la1": 44.100144, "dx": 0.1, "dy": 0.1, "nx": 4, "ny": 5, "refTime": "2023-03-12T12:00:00Z"}, "data": [2.905042997833786, 2.6414835307797024, 2.140344640650409, 0.8232239642091081, 0.6799539223105654, 1.2154247603395887, 1.3198175095677447, 0.014137102344833516, -0.26668289059932354, 0.8959198738632506, 1.5322676341324422, 1.4065121924274115, -0.8218776560772971, 0.6765011149396589, 1.2154081698613985, 1.3060406136221323, -1.8099505505110762, -1.1165843985135493, 0.26036739166618583, 0.7107390870623792]}], [{"title": "2023-03-12T13:00:00Z", "header": {"parameterCategory": 2, "parameterNumber": 2, "lo1": 6.895666, "la1": 44.100144, "dx": 0.1, "dy": 0.1, "nx": 4, "ny": 5, "refTime": "2023-03-12T13:00:00Z"}, "data": [-2.786443450567932, -2.7091676447900896, -2.840702705404886, -3.0238365189040994, -3.144360948939569, -2.828050016283819, -2.8148754331731727, -3.099881961498931, -2.7941637311621013, -2.20531716504417, -1.866595455713479, -1.968364502097053, -2.6209667000691255, -2.3670854436893554, -1.8916749975131222, -1.7572050582638195, -1.2348546664605775, -1.4133262783705247, -2.0668107767354083, -2.097310650086791]}, {"header": {"parameterCategory": 2, "parameterNumber": 3, "lo1": 6.895666, "la1": 44.100144, "dx": 0.1, "dy": 0.1, "nx": 4, "ny": 5, "refTime": "2023-03-12T13:00:00Z"}, "data": [2.728687028002126, 2.805425221320739, 2.2114267203561964, 1.047097276733132, 0.5941331692338472, 1.4973754056338349, 1.5219974690248819, 0.027052260044959274, -0.1806904631082819, 1.1775297030485246, 1.6630758866359012, 1.3731500962692387, -0.9851566155331642, 0.39611425406562634, 1.123194419405532, 1.1498827693343556, -2.1737373237630475, -1.5532252994550797, -0.3718779546711248, 0.10624517416109813]}], [{"title": "2023-03-12T14:00:00Z", "header": {"parameterCategory": 2, "parameterNumber": 2, "lo1": 6.895666, "la1": 44.100144, "dx": 0.1, "dy": 0.1, "nx": 4, "ny": 5, "refTime": "2023-03-12T14:00:00Z"}, "data": [-2.682885888437948, -2.082566263513248, -2.0205794997881243, -2.8100165677451927, -2.798767608334275, -2.2059248142125627, -2.204271315223409, -2.6804448232095033, -2.690530719973662, -2.324801015782357, -2.2516660498395407, -2.690530719973662, -2.6128147603013225, -2.4641978660249233, -2.328850576622473, -2.4699273339640966, -1.2560345103331862, -1.932176546241225, -2.580063038502271, -2.586227324504653]}, {"header": {"parameterCategory": 2, "parameterNumber": 3, "lo1": 6.895666, "la1": 44.100144, "dx": 0.1, "dy": 0.1, "nx": 4, "ny": 5, "refTime": "2023-03-12T14:00:00Z"}, "data": [2.0885696803364073, 2.0181471101177113, 1.6362330167295773, 1.0506221437784025, 0.08306548343831026, 0.9454605830182822, 0.9493092061511161, -0.324369464853547, -0.22593017699725182, 1.1641736283808015, 1.2999999999999998, 0.22593017699725249, -0.680587267256407, 0.8292942041749817, 1.156051465880812, 0.8120707881318043, -1.9267530482270094, -1.7397395765330315, -0.3213638395252803, -0.26726059564684207]}], [{"title": "2023-03-12T15:00:00Z", "header": {"parameterCategory": 2, "parameterNumber": 2, "lo1": 6.895666, "la1": 44.100144, "dx": 0.1, "dy": 0.1, "nx": 4, "ny": 5, "refTime": "2023-03-12T15:00:00Z"}, "data": [-1.5282484150097944, -1.6926790211031697, -2.173365117626735, -2.895478216127745, -2.295461475385024, -2.0895688083114603, -2.263734379074242, -2.716349348820353, -2.297810909638273, -2.377120725361596, -2.39248472437186, -2.8914529814580687, -2.2938232976162536, -2.46995522484947, -2.441793962809937, -2.718006148418934, -1.3815187268285445, -2.5208925599261414, -2.767039468050348, -2.7924805362284824]}, {"header": {"parameterCategory": 2, "parameterNumber": 3, "lo1": 6.895666, "la1": 44.100144, "dx": 0.1, "dy": 0.1, "nx": 4, "ny": 5, "refTime": "2023-03-12T15:00:00Z"}, "data": [1.5825475607450326, 1.4052891985343143, 1.0180786145889362, 0.16188236448017432, 0.1444181949174202, 0.9610942697424762, 0.7971867165208887, -1.0156014056524552, 0.10032459094027296, 1.4796273372225721, 1.4546535132626268, -0.222485181567774, -0.16844785339355228, 1.3188332674143475, 1.37027086489677, 0.6726385189363387, -1.7121349267572454, -1.2186470782425178, 0.42836034159530745, -0.20506695195736802]}], [{"title": "2023-03-12T16:00:00Z", "header": {"parameterCategory": 2, "parameterNumber": 2, "lo1": 6.895666, "la1": 44.100144, "dx": 0.1, "dy": 0.1, "nx": 4, "ny": 5, "refTime": "2023-03-12T16:00:00Z"}, "data": [-1.575836148600032, -1.4556540438205579, -1.730271052688974, -2.8447699505126556, -2.093526400839569, -1.9063327049191081, -2.0548688687137346, -2.337192018520696, -2.0758371622982357, -2.01772065837302, -2.1323948772718078, -2.801184896238298, -2.098589626935178, -1.9946293947197786, -1.9622449085792073, -2.344764568653296, -1.225814107305953, -2.5227688883175907, -2.197680766376826, -2.3368645203778344]}, {"header": {"parameterCategory": 2, "parameterNumber": 3, "lo1": 6.895666, "la1": 44.100144, "dx": 0.1, "dy": 0.1, "nx": 4, "ny": 5, "refTime": "2023-03-12T16:00:00Z"}, "data": [0.8699082898590047, 0.8781066590732912, 0.4961472404705986, -0.563279618537918, 0.16476410102847466, 0.8808493731369724, 0.4330287893329224, -1.7168382185177367, 0.31764772251916035, 1.639757099321344, 1.487579270958342, -0.7505752307973103, 0.07695178828376831, 1.6677690420798112, 1.705753475375319, 1.1234229468851535, -1.5803100247513808, -0.6289969285591356, 1.3893161084135488, 1.139764981651601]}]]}