paris-nice_2023_stage7_route_1_segment_wind.json
{
    "title": "Weather data",
    "features": [
        [{
            "title": "2023-03-12T12:00:00Z",
            "header": {
                "parameterCategory": 2,
                "parameterNumber": 2,
                "lo1": 6.895666,
                "la1": 44.100144,
                "dx": 0.1,
                "dy": 0.1,
                "nx": 4,
                "ny": 5,
                "refTime": "2023-03-12T12:00:00Z"
            },
            "data": [-3.443495612149815, -3.698079716552935, -3.395340418165551, -3.196179639492589, -3.7723442358259196, -3.599862923031017, -3.3929131021254086, -3.197641332513988, -3.0957515577391788, -2.61751189390884, -2.334871696977601, -2.1403140710525133, -2.4947890456804473, -2.1824148267823418, -1.8131306562742204, -1.4744736797201854, -1.9441022164102686, -1.9879634462429623, -1.8994328305842478, -1.782917033828956]
        }, {
            "header": {
                "parameterCategory": 2,
                "parameterNumber": 3,
                "lo1": 6.895666,
                "la1": 44.100144,
                "dx": 0.1,
                "dy": 0.1,
                "nx": 4,
                "ny": 5,
                "refTime": "2023-03-12T12:00:00Z"
            },
            "data": [-1.8309390948649744, -0.874189001314797, -0.1779422512260081, 0.15631926334596305, -0.9896559838807416, 0.031415527794146254, 0.21940984806005595, 0.12284098908006368, 0.1622414643531258, 0.9942994947427841, 1.1438418416253788, 1.0858433023482787, -0.1613307706323946, 0.7259927849783359, 1.0595080100115408, 1.0324375854318828, -1.2290104035966012, -0.676757959984074, 0.04642113849004086, 0.2474001828668639]
        }],
        [{
            "title": "2023-03-12T13:00:00Z",
            "header": {
                "parameterCategory": 2,
                "parameterNumber": 2,
                "lo1": 6.895666,
                "la1": 44.100144,
                "dx": 0.1,
                "dy": 0.1,
                "nx": 4,
                "ny": 5,
                "refTime": "2023-03-12T13:00:00Z"
            },
            "data": [-3.3622664139827365, -3.4066484354570736, -3.357598910890202, -3.090863531903453, -3.7442381429558935, -3.741112083902859, -3.4760972733847013, -3.090443734572697, -3.1996880768297737, -2.897959596827645, -2.483518042768692, -2.7108133930587015, -2.585278654746332, -2.2314635661318034, -1.8916749975131222, -1.7788327465825953, -1.7707663541830114, -1.8410097069048807, -1.997612274682868, -1.9731443232139387]
        }, {
            "header": {
                "parameterCategory": 2,
                "parameterNumber": 3,
                "lo1": 6.895666,
                "la1": 44.100144,
                "dx": 0.1,
                "dy": 0.1,
                "nx": 4,
                "ny": 5,
                "refTime": "2023-03-12T13:00:00Z"
            },
            "data": [-2.1668328411309603, -1.6836705251318833, -0.9881950989500671, -0.23782898719313772, -1.4073665936188062, -0.6663935591495511, -0.40834757984766507, -0.24322319675631895, 0.04467897708526533, 1.1008315834652254, 1.0593102148296156, 0.7010640113524357, -0.27628658547420615, 0.8834989264432265, 1.123194419405532, 0.9141958541173881, -1.305521550528143, -0.7814622569785471, 0.0976995395912269, 0.32665192448324476]
        }],
        [{
            "title": "2023-03-12T14:00:00Z",
            "header": {
                "parameterCategory": 2,
                "parameterNumber": 2,
                "lo1": 6.895666,
                "la1": 44.100144,
                "dx": 0.1,
                "dy": 0.1,
                "nx": 4,
                "ny": 5,
                "refTime": "2023-03-12T14:00:00Z"
            },
            "data": [-3.659601855653714, -3.3367803476989213, -2.975284754842405, -2.8245303051092496, -3.655399759018377, -3.530212770767807, -3.1551873186256163, -2.848633027113197, -3.2977836994695653, -2.8803109717555744, -2.37151230204791, -2.470570953616382, -2.546895648958295, -2.155266181825478, -1.7471036564740134, -1.9401470182737022, -1.3460250270195473, -1.6286178713340134, -2.068096281325637, -2.0556215163995386]
        }, {
            "header": {
                "parameterCategory": 2,
                "parameterNumber": 3,
                "lo1": 6.895666,
                "la1": 44.100144,
                "dx": 0.1,
                "dy": 0.1,
                "nx": 4,
                "ny": 5,
                "refTime": "2023-03-12T14:00:00Z"
            },
            "data": [-1.8485979168266664, -1.5987172705673347, -1.1779985685909693, -0.6572887915668792, -1.3594309845550792, -0.7054061192730638, -0.5336599894915263, -0.5434058122986019, -0.12092423873163509, 1.1462149475488697, 1.0657998879880892, 0.382464590710096, -0.5228025949795074, 1.0558540076541958, 1.1651732976407985, 0.8036352079666887, -1.4792621899572187, -0.9785723423291028, 0.3646611731005535, 0.42944170886776006]
        }],
        [{
            "title": "2023-03-12T15:00:00Z",
            "header": {
                "parameterCategory": 2,
                "parameterNumber": 2,
                "lo1": 6.895666,
                "la1": 44.100144,
                "dx": 0.1,
                "dy": 0.1,
                "nx": 4,
                "ny": 5,
                "refTime": "2023-03-12T15:00:00Z"
            },
            "data": [-2.9929651557255976, -2.827924473276535, -2.686933029528328, -2.6260890169133133, -2.9387257487980323, -2.989478577748513, -2.8666322717451824, -2.6747794139425625, -2.9961580715525584, -2.5930472868341674, -2.2469851157479175, -2.593017640783591, -2.7624020524995143, -2.2516660498395407, -1.9112642793309544, -2.082628372254532, -1.1471528727020928, -1.7406917725284785, -2.1573522488025487, -2.177507707997136]
        }, {
            "header": {
                "parameterCategory": 2,
                "parameterNumber": 3,
                "lo1": 6.895666,
                "la1": 44.100144,
                "dx": 0.1,
                "dy": 0.1,
                "nx": 4,
                "ny": 5,
                "refTime": "2023-03-12T15:00:00Z"
            },
            "data": [-0.8075639767922097, -1.001420577701313, -1.09105036310416, -0.9714198244051164, -0.6032337634378933, -0.25103352999694645, -0.438656378716935, -0.8279825401233303, 0.1517788202301402, 1.2985013547324322, 1.0959278669726933, 0.19041931253184238, -0.45731269427654203, 1.2999999999999998, 1.2794799156507015, 0.7089845295071247, -1.6383040885779832, -1.3453594884088285, 0.43108151733353955, 0.3137836541521249]
        }],
        [{
            "title": "2023-03-12T16:00:00Z",
            "header": {
                "parameterCategory": 2,
                "parameterNumber": 2,
                "lo1": 6.895666,
                "la1": 44.100144,
                "dx": 0.1,
                "dy": 0.1,
                "nx": 4,
                "ny": 5,
                "refTime": "2023-03-12T16:00:00Z"
            },
            "data": [-2.339426866058932, -2.2746441840230056, -2.1589386694924326, -2.1928654092639723, -2.390122556678329, -2.399634468375339, -2.3403584503333517, -2.2175270829455545, -2.2729252773270714, -2.2592636463391966, -2.4246744545536627, -2.6990747774340047, -2.2897925185870838, -2.266973634242915, -2.1619747015615802, -2.5016273033539607, -1.3817648221537164, -2.4509991920388536, -2.5306613716281072, -2.5914742883330044]
        }, {
            "header": {
                "parameterCategory": 2,
                "parameterNumber": 3,
                "lo1": 6.895666,
                "la1": 44.100144,
                "dx": 0.1,
                "dy": 0.1,
                "nx": 4,
                "ny": 5,
                "refTime": "2023-03-12T16:00:00Z"
            },
            "data": [-0.5358002784262835, -0.7655023423153672, -1.0483242920824858, -1.2005587436079719, -0.2175181924746713, -0.041885775449480724, -0.5317163942867219, -1.1543715330875843, 0.35186742345328825, 1.4784207034298857, 1.1878357586109702, 0.07067776043125824, -0.21644912063258345, 1.4665710148668119, 1.6173637159920822, 1.0158055104762875, -1.4459342918191367, -1.1325206226046785, 0.9411445277689015, 0.7578001140861275]
        }]
    ]
}