paris-nice_2023_stage7_route_1_segment_wind.json
{"title": "Weather data", "features": [[{"header": {"parameterCategory": 2, "parameterNumber": 2, "lo1": 6.895666, "la1": 44.100144, "dx": 0.1, "dy": 0.1, "nx": 4, "ny": 5, "refTime": "2023-03-11T10:00:00Z"}, "data": []}, {"header": {"parameterCategory": 2, "parameterNumber": 3, "lo1": 6.895666, "la1": 44.100144, "dx": 0.1, "dy": 0.1, "nx": 4, "ny": 5, "refTime": "2023-03-11T10:00:00Z"}, "data": []}], [{"header": {"parameterCategory": 2, "parameterNumber": 2, "lo1": 6.895666, "la1": 44.100144, "dx": 0.1, "dy": 0.1, "nx": 4, "ny": 5, "refTime": "2023-03-11T11:00:00Z"}, "data": []}, {"header": {"parameterCategory": 2, "parameterNumber": 3, "lo1": 6.895666, "la1": 44.100144, "dx": 0.1, "dy": 0.1, "nx": 4, "ny": 5, "refTime": "2023-03-11T11:00:00Z"}, "data": []}], [{"header": {"parameterCategory": 2, "parameterNumber": 2, "lo1": 6.895666, "la1": 44.100144, "dx": 0.1, "dy": 0.1, "nx": 4, "ny": 5, "refTime": "2023-03-11T12:00:00Z"}, "data": [-4.914865867237597, 0.506695410123314, 4.083560132080327, 5.267578003400943, 3.816199944370386, 4.4333558895317315, 5.30340059111045, 6.0151449494472775, 1.897863814078805, 2.4724035165450187, 2.6103521313671383, 3.027783836451554, 2.021717874466528, 2.493749193001881, 2.3440907120915253, 2.195152336381196, 3.981243514682977, 4.038120353009518, 4.109508386308053, 4.303710135019717]}, {"header": {"parameterCategory": 2, "parameterNumber": 3, "lo1": 6.895666, "la1": 44.100144, "dx": 0.1, "dy": 0.1, "nx": 4, "ny": 5, "refTime": "2023-03-11T12:00:00Z"}, "data": [-13.215676051835668, -12.089386244196186, -9.346899841534844, -7.664373554184749, -7.929477787634409, -4.889310335492554, -6.122413100257882, -7.092815466169899, -5.480703690513678, -6.1194134401407965, -7.667859006937141, -8.793322753073648, -5.436235539052971, -6.110745859745966, -6.807733744315082, -6.962133740462056, -1.624715383319409, -1.7474507187930335, -2.0668673936331228, -2.5452070787518597]}], [{"header": {"parameterCategory": 2, "parameterNumber": 2, "lo1": 6.895666, "la1": 44.100144, "dx": 0.1, "dy": 0.1, "nx": 4, "ny": 5, "refTime": "2023-03-11T13:00:00Z"}, "data": [-0.5337528406830491, 3.6175331141244094, 5.187029513511114, 6.002756495832738, 4.796607937225331, 5.1618795026617965, 6.027819672978719, 6.330704081317932, 2.551994041121576, 3.0040548178172948, 3.4016913220415, 3.7232460027791228, 2.6438683508770673, 2.97810978536786, 3.0216454068222505, 2.6760218186074822, 4.235062000213831, 4.398242864333083, 4.412272244905491, 4.378320960827548]}, {"header": {"parameterCategory": 2, "parameterNumber": 3, "lo1": 6.895666, "la1": 44.100144, "dx": 0.1, "dy": 0.1, "nx": 4, "ny": 5, "refTime": "2023-03-11T13:00:00Z"}, "data": [-13.289285455022132, -10.388140072612293, -7.719114251386921, -7.103303066302176, -7.1381056518201635, -5.161879502661798, -6.133953862725959, -6.812648958722627, -5.869184476064794, -6.65324391943875, -7.898638879550549, -8.522173384928829, -5.828375429159534, -6.4452200975836496, -6.754972911524517, -6.899196128994792, -2.0381976975614577, -2.3781210453513744, -2.5577047595132343, -2.9866880593691296]}], [{"header": {"parameterCategory": 2, "parameterNumber": 2, "lo1": 6.895666, "la1": 44.100144, "dx": 0.1, "dy": 0.1, "nx": 4, "ny": 5, "refTime": "2023-03-11T14:00:00Z"}, "data": [2.5102482228149006, 4.766086728150208, 5.31456257885349, 6.096104443584784, 5.3029765720297855, 5.529580026075929, 6.246774058774658, 6.5393551596315325, 2.828468933506848, 3.1696369630552472, 3.511387653508605, 3.917169482398668, 2.5929061553911184, 3.00254593382202, 2.9862351930076847, 2.5552066725891573, 3.9987775469472697, 4.206272064210545, 4.239241960791551, 4.35613732642628]}, {"header": {"parameterCategory": 2, "parameterNumber": 3, "lo1": 6.895666, "la1": 44.100144, "dx": 0.1, "dy": 0.1, "nx": 4, "ny": 5, "refTime": "2023-03-11T14:00:00Z"}, "data": [-12.449443917695866, -8.56296778574756, -6.633658462375805, -6.890392631258819, -6.642924015559958, -5.066926557117453, -5.764357193878601, -6.471231265856633, -6.293628801588686, -6.797308402774874, -7.740811116852505, -8.32440888268738, -5.851225313499289, -6.323347050043107, -6.7707015420887044, -6.944848368420714, -2.063922995179417, -2.3124176356882336, -2.457402612081343, -2.8397301972750344]}]]}