tirreno-adriatico_2023_stage6_route_0_segment_wind.json
{"title": "Weather data", "features": [[{"header": {"parameterCategory": 2, "parameterNumber": 2, "lo1": 13.30628, "la1": 43.52947, "dx": 0.1, "dy": 0.1, "nx": 3, "ny": 3, "refTime": "2023-03-12T12:00:00Z"}, "data": [-0.4025734922421028, -0.5260153134181917, -0.5276079193830548, -0.9542668103306786, -1.0900841679912996, -1.2713793066554238, -0.8512920137851007, -1.0043679817412259, -1.3920297736156526]}, {"header": {"parameterCategory": 2, "parameterNumber": 3, "lo1": 13.30628, "la1": 43.52947, "dx": 0.1, "dy": 0.1, "nx": 3, "ny": 3, "refTime": "2023-03-12T12:00:00Z"}, "data": [3.3760827275622254, 3.359063543615923, 3.25754967474086, 3.2633379927156354, 3.220514944336498, 3.2609192965494214, 3.2917019772855665, 3.457057268436995, 3.4281559342257983]}], [{"header": {"parameterCategory": 2, "parameterNumber": 2, "lo1": 13.30628, "la1": 43.52947, "dx": 0.1, "dy": 0.1, "nx": 3, "ny": 3, "refTime": "2023-03-12T13:00:00Z"}, "data": [-0.7311100421442421, -0.7648335847691411, -0.7037727240108755, -1.4258829710465406, -1.6327598913068417, -1.6900976260292073, -1.5944071753173037, -1.7881448180435089, -2.0193146021687136]}, {"header": {"parameterCategory": 2, "parameterNumber": 3, "lo1": 13.30628, "la1": 43.52947, "dx": 0.1, "dy": 0.1, "nx": 3, "ny": 3, "refTime": "2023-03-12T13:00:00Z"}, "data": [3.217992869208359, 3.3128582202697996, 3.428513373597704, 2.9760473371368756, 2.982296956599002, 3.1786113342921367, 3.1157448161389434, 3.239218749900066, 3.2190633012521213]}], [{"header": {"parameterCategory": 2, "parameterNumber": 2, "lo1": 13.30628, "la1": 43.52947, "dx": 0.1, "dy": 0.1, "nx": 3, "ny": 3, "refTime": "2023-03-12T14:00:00Z"}, "data": [-0.6595386130585124, -0.5649301290256574, -0.6409733590259075, -1.3339055375547828, -1.2345430758153264, -1.1962472067757384, -1.2966034430966098, -1.3569964613556635, -1.3712937811760828]}, {"header": {"parameterCategory": 2, "parameterNumber": 3, "lo1": 13.30628, "la1": 43.52947, "dx": 0.1, "dy": 0.1, "nx": 3, "ny": 3, "refTime": "2023-03-12T14:00:00Z"}, "data": [2.92660363183757, 3.0480902134482593, 3.237152012652332, 2.6871352807182385, 2.734209829906336, 2.751180223155372, 2.36829464200509, 2.5629203272572108, 2.6682491198738925]}], [{"header": {"parameterCategory": 2, "parameterNumber": 2, "lo1": 13.30628, "la1": 43.52947, "dx": 0.1, "dy": 0.1, "nx": 3, "ny": 3, "refTime": "2023-03-12T15:00:00Z"}, "data": [-0.08795012541875917, 0.06841009882742909, -0.04712195193546223, -0.9760017325010825, -0.8046094555791936, -0.9162101171414905, -0.8600830789087206, -0.9012785199311818, -0.9871006956178456]}, {"header": {"parameterCategory": 2, "parameterNumber": 3, "lo1": 13.30628, "la1": 43.52947, "dx": 0.1, "dy": 0.1, "nx": 3, "ny": 3, "refTime": "2023-03-12T15:00:00Z"}, "data": [2.7986183690240485, 2.7991641713873125, 2.999629897444982, 2.6243895705772964, 2.6819029855668814, 2.6458569540410863, 2.2405930235932843, 2.5451320259488814, 2.726835568330215]}], [{"header": {"parameterCategory": 2, "parameterNumber": 2, "lo1": 13.30628, "la1": 43.52947, "dx": 0.1, "dy": 0.1, "nx": 3, "ny": 3, "refTime": "2023-03-12T16:00:00Z"}, "data": [0.06544237076968284, 0.31501099016819983, 0.28295763211224967, -0.705696780557529, -0.6373346819683413, -0.7256877378010665, -0.5991603698780912, -0.7948077929040746, -0.9367262592477905]}, {"header": {"parameterCategory": 2, "parameterNumber": 3, "lo1": 13.30628, "la1": 43.52947, "dx": 0.1, "dy": 0.1, "nx": 3, "ny": 3, "refTime": "2023-03-12T16:00:00Z"}, "data": [2.499143312438893, 2.6815607537539123, 2.7856659847206067, 2.2939032355159923, 2.313828970161864, 2.2876576027030726, 2.2205870510222177, 2.4755364211295605, 2.532300123452124]}], [{"header": {"parameterCategory": 2, "parameterNumber": 2, "lo1": 13.30628, "la1": 43.52947, "dx": 0.1, "dy": 0.1, "nx": 3, "ny": 3, "refTime": "2023-03-12T17:00:00Z"}, "data": [-0.42947065433412646, -0.28180246387516494, -0.3950322125537427, -0.9787649034976925, -0.9999999999999996, -1.0716535899579935, -0.8999999999999996, -1.0096573010843568, -1.21809207110569]}, {"header": {"parameterCategory": 2, "parameterNumber": 3, "lo1": 13.30628, "la1": 43.52947, "dx": 0.1, "dy": 0.1, "nx": 3, "ny": 3, "refTime": "2023-03-12T17:00:00Z"}, "data": [1.9533445566683358, 1.9800473154331153, 1.8584804413942306, 1.7441385448642412, 1.7320508075688776, 1.68865585100403, 1.55884572681199, 1.6095316506260606, 2.0679099850596616]}]]}