weather_data.json
{"title": "Weather data", "features": [[{"title": "2023-03-11T11:00:00Z", "header": {"parameterCategory": 2, "parameterNumber": 2, "lo1": 4.412132, "la1": 45.632894, "dx": 0.1, "dy": 0.1, "nx": 6, "ny": 13, "refTime": "2023-03-11T11:00:00Z"}, "data": [2.656149531274517, 3.8695839014912394, 4.0811244133054325, 4.019111815949059, 3.2559066667272853, 1.7506236340683528, 3.3329219937138546, 4.099943798214449, 4.072828338961625, 4.001258723948864, 3.787906083296275, 2.841745028652119, 3.299005469338388, 4.011886838917291, 3.996520896184009, 3.974725934570069, 3.4617444945582614, 1.7409457405599431, 3.2089232353829797, 3.835928736172205, 4.052824935915602, 3.9621419252174497, 2.939333491366979, 0.5494529917514277, 3.186319034190663, 3.5999122705394213, 3.590332118008049, 3.474059380100321, 2.527750990782585, 1.9082346608332919, 3.2911377748407116, 3.2927448453637647, 3.2968591312201307, 2.918558688917318, 1.7397395765330315, 2.24805655685802, 3.229079650835869, 3.49863540264124, 3.4998080927792925, 3.3989699796837263, 2.095245856293018, 2.3012621336311008, 3.286418515432702, 3.4974202074371745, 3.482082480900759, 3.3975076855236677, 2.5273571910214425, 3.277463143477004, 3.0118022719927033, 3.4999147074688817, 3.291008444536466, 3.0280299719939654, 2.6389457185998495, 2.9735541703629025, 3.1999561351917656, 3.2645986987778612, 2.8197141394382643, 2.498083683650796, 2.696351809075929, 1.714413069202382, 3.09383484353427, 3.2468206251806873, 3.021686558020551, 2.9083013918144744, 2.6871139799509445, 0.9034926618972041, 3.0089220064333406, 3.2088207373123323, 3.051001910920633, 2.993245247161834, 2.684712449159653, 0.7713585919934298, 2.7019045599980918, 2.866092704198171, 2.5486465271952863, 2.04193732636791, 1.3486564204923155, 0.5957218359521712]}, {"header": {"parameterCategory": 2, "parameterNumber": 3, "lo1": 4.412132, "la1": 45.632894, "dx": 0.1, "dy": 0.1, "nx": 6, "ny": 13, "refTime": "2023-03-11T11:00:00Z"}, "data": [-1.958282325792214, -1.3551090101242165, -0.3929675853329203, 0.8103950955544172, 2.1468748863314824, 2.4362505806754187, -0.672034957289027, 0.021467451708820275, 0.47124231702075303, 0.8943872897258244, 1.5690020726968679, 1.8666775811936476, 0.8225344450388703, 0.8454371601261815, 0.9153254756449005, 1.0057602821030904, 2.196889859413886, 2.920463649564259, 1.1237489352249583, 0.7040246664771839, 0.6201693630135987, 1.0542444519342544, 2.8583769217037145, 3.355309435783145, 0.2955858798289971, 0.02513253707266159, 0.2636575096594741, 0.943881043107113, 2.563293765567587, 2.31487375016316, 0.24168605052118455, -0.21870387132000232, 0.1439439783056088, 1.0449953011115545, 1.932176546241225, 0.48604703184739384, 0.6804738118088778, -0.09772573553249207, 0.036651244406860274, 0.8348671015250331, 2.1470782011112073, 0.9768278212231845, 0.2990875146526745, -0.13435733180631848, 0.3536970401403122, 0.840798148670423, 1.6163123550205891, 0.3850134324277994, -0.7341982528034167, 0.024434411042865433, 1.1913284257456753, 1.7552875800581007, 1.4268726272108256, -1.4310749791388957, -0.016755084260542397, 0.4820739942559583, 1.714413069202381, 2.1562879931673478, 1.067561202785566, -2.8197141394382634, 0.8174264253945298, 0.5900473098839537, 1.3264276629646683, 1.559417524067878, -0.26347382934970465, -3.0698047185281845, 1.0892145606817605, 0.7703697007244877, 1.2575322419559043, 1.3894181841127202, 0.28691299260782965, -2.5874709510558596, 1.0534285683716371, 1.1813181666858497, 1.764766522635617, 2.332486217576746, 1.8630957730253306, 1.3766319385259715]}], [{"title": "2023-03-11T12:00:00Z", "header": {"parameterCategory": 2, "parameterNumber": 2, "lo1": 4.412132, "la1": 45.632894, "dx": 0.1, "dy": 0.1, "nx": 6, "ny": 13, "refTime": "2023-03-11T12:00:00Z"}, "data": [3.117691453623978, 3.993301465844111, 4.097502390778292, 3.827679748638527, 3.194692972727068, 2.3668195039315516, 3.56319443126804, 4.09877610810285, 4.068560945330503, 3.9694053255502415, 3.6981841344492525, 2.6988526266012345, 3.332921993713854, 3.922458634186452, 3.9036670477549897, 3.8231720591933205, 3.0686606072611986, 0.9835411769593831, 3.3293575561140036, 3.6426617659054155, 3.892715491108353, 3.668240297540496, 2.1315051042829207, -0.6707794012922296, 3.0480902134482593, 3.4955177501446517, 3.463340261741393, 3.2241489194800246, 2.0319254997167717, 2.198111899562062, 3.4587993350629347, 3.4297364661729035, 3.496114562366895, 2.904887931305308, 1.5908301648540237, 2.893284408623255, 3.4877250073732653, 3.4838866942851254, 3.4877250073732653, 3.1511156999076775, 1.6058837290567043, 4.420292628279099, 3.4768046796013876, 3.4988006374144502, 3.415708666785616, 3.189911468224058, 2.664557754907855, 4.539127309744, 3.2806981811086406, 3.499099132629444, 3.1511156999076775, 2.921967521421923, 3.348847544201626, 3.5227798703950586, 3.1989034399217835, 3.3643876828344963, 2.857926451885327, 2.638557784026256, 3.4760972733847013, 2.3775535962811185, 3.120477933777803, 3.3408835082482917, 3.032111600657728, 2.9822969565990016, 3.3541290106279655, 0.7814167995011849, 3.010516267719872, 3.3503868548438662, 3.1227176965664962, 3.045419984814004, 3.0574853647654177, 1.024594617410992, 2.327692836683392, 2.7095856773495193, 2.4393986711365305, 1.8880466852344253, 1.2618681599723016, 0.9134093341896006]}, {"header": {"parameterCategory": 2, "parameterNumber": 3, "lo1": 4.412132, "la1": 45.632894, "dx": 0.1, "dy": 0.1, "nx": 6, "ny": 13, "refTime": "2023-03-11T12:00:00Z"}, "data": [-1.8000000000000016, -0.9292703604911066, 0.14308793648025397, 1.469308593135731, 2.2369481017690793, 2.153640043231275, -0.5134641613398429, 0.10017193042587792, 0.50676605463602, 1.0265580166232098, 1.5242815054010963, 1.7193587467098366, 0.672034957289029, 0.7837845769700709, 0.8725729655861701, 1.176161300929216, 2.565798526276631, 3.0451020924142025, 0.6894768042121424, 0.6488568865403523, 0.9201989487524177, 1.5949962757009848, 3.3847726645102556, 3.12890635762754, -0.5649301290256583, -0.17707529026849575, 0.5052467035034063, 1.3619338254907218, 2.7260371904287632, 1.5678979804195374, -0.5354504269941348, -0.6977877704601907, 0.16487257748374934, 1.3422466638277668, 2.181572686524682, 0.1972443429292197, 0.29287245166310416, -0.33546013382078566, 0.29287245166310416, 1.5233088478031462, 2.6516292064975704, 0.8432159156357608, 0.4022800267250331, -0.09161931907755741, 0.7635013448878989, 1.440300255117881, 2.111902452946255, -3.610584892498194, -0.3563978738298745, 0.07940566750473475, 1.5233088478031462, 1.9266825902974842, 1.0174576775938835, -4.607604799105428, 0.0837662345851941, 0.4908110834033089, 1.8418079149613151, 2.1442977452663734, 0.40834757984766606, -5.290296673799185, 0.7089551923822954, 0.6312664923109624, 1.5382780116600612, 1.6327598913068424, -0.9999092859174104, -4.431634888554937, 0.7394537184936008, 0.5787122971645107, 1.3448547087140807, 1.5117596092287533, 0.5116475781681007, -2.9257829499080112, 0.5846760282864539, 0.7057942030807182, 1.3745305101223941, 2.0676749537524746, 1.8021344974357818, 1.4337654578819055]}], [{"title": "2023-03-11T13:00:00Z", "header": {"parameterCategory": 2, "parameterNumber": 2, "lo1": 4.412132, "la1": 45.632894, "dx": 0.1, "dy": 0.1, "nx": 6, "ny": 13, "refTime": "2023-03-11T13:00:00Z"}, "data": [2.7458076983156636, 3.1641051250650367, 3.3875740070490816, 2.9385343266425963, 2.7010097098204215, 2.383243861606254, 3.232598323677835, 3.5834263141218434, 3.695582708163306, 3.558442845332082, 3.4133909309881116, 2.557920493062277, 3.261153658773624, 3.5924962257798443, 3.6724207610728916, 3.467943361119999, 2.2421570809831306, 1.8369701987210297e-16, 3.2945279948262933, 3.5982236173166338, 3.6460092243889135, 3.2042939940024233, 1.5226031268389022, -1.3718533548609868, 3.337861876440434, 3.528976228638199, 3.556655516769801, 3.1726924274339723, 3.636944436188274, 4.555627844009283, 3.9546854156769715, 3.9711909606273874, 4.063031118830828, 3.0670733801535226, 3.9355401517341666, 4.555627844009283, 4.099900085892118, 4.066767214619121, 4.072828338961625, 3.2169736873933203, 3.8861964799905846, 4.388122209715024, 4.090505543225981, 4.069439221729421, 4.046108437267909, 3.2804869632216205, 3.5105376755000277, 3.9452160910613197, 3.778484187706177, 3.772477899331893, 3.497918443119273, 2.7878547130846867, 3.2493070236594983, 3.7694776323448123, 3.497867894566835, 3.59208528585138, 3.0529731461631333, 2.5588781059427728, 3.3742151621708096, 2.199664441248616, 3.4183529741695877, 3.5546897043032812, 3.3039166524623322, 3.187417052715897, 3.4837530137350963, 1.3357873624400525, 3.371681952102507, 3.59208528585138, 3.5005317134316356, 3.3871707682352117, 3.3838818601156078, 3.3124368920388045, 2.865862306195003, 3.1836182682521224, 3.1035904489111896, 2.665347970272318, 1.8544511678008722, 1.1880030023296861]}, {"header": {"parameterCategory": 2, "parameterNumber": 3, "lo1": 4.412132, "la1": 45.632894, "dx": 0.1, "dy": 0.1, "nx": 6, "ny": 13, "refTime": "2023-03-11T13:00:00Z"}, "data": [-1.6433320065861432, -0.9372506375229449, 0.2904175386670494, 1.7102678185427989, 2.0650778550591746, 1.82212751916986, -0.6635571397816836, -0.34504470907280815, 0.18074414824376905, 1.0136491091620001, 1.427852356599979, 1.5674956941478464, 0.5048532597373256, 0.23231630971064876, 0.45091657059904566, 1.2897165750907162, 2.943251879163115, 3.0, 0.189961288966572, 0.11307873268126185, 0.6297751469143205, 1.8499999999999999, 3.3721921235511476, 3.328365721004327, -1.3485837362972843, -0.7115664253648522, 0.5569573906780851, 1.7011827535285942, 1.6651231690416048, -3.9046453035951085, -1.0818795048580307, -1.0196285373759033, 0.5493433602149973, 1.6861378593560037, 0.7152088604653984, -3.9046453035951085, 0.028623167221642362, -0.5209648952655382, 0.47124231702075303, 1.378796683568329, 0.9473525842624747, -4.09199016037499, 0.2788626917275175, -0.4996643079611036, 0.6625756665237806, 1.220002165626353, 0.7975745914300822, -4.114033300160664, -0.40380347107768894, -0.4565199875716584, 1.4847782882592402, 2.116096902018312, 1.5498399485098626, -4.275633096893622, 0.12214823845875339, 0.2385860414400005, 1.9077093512395378, 2.5322209301178145, 1.2548593703585347, -5.258467109900605, 0.7515736450847212, 0.5693690421161407, 1.4297324062852101, 1.6734313646086307, -0.9074496896752104, -5.438351967493961, 0.4379050283637135, 0.2385860414400005, 0.8404033098812594, 1.2194565128830492, 0.894060152775267, -3.045941863571974, 0.4436589252237104, 0.3233801509854283, 0.779568037715272, 1.7708529575787013, 1.8223640871796123, 1.35227544030632]}], [{"title": "2023-03-11T14:00:00Z", "header": {"parameterCategory": 2, "parameterNumber": 2, "lo1": 4.412132, "la1": 45.632894, "dx": 0.1, "dy": 0.1, "nx": 6, "ny": 13, "refTime": "2023-03-11T14:00:00Z"}, "data": [2.339599698690593, 3.014700010220583, 3.4982729612800605, 3.148452226343131, 2.6653840763785785, -2.2329346386934614, 3.5951761851966673, 3.522878753145913, 3.488726074596865, 3.449962141810987, 3.321066040755738, 2.444147291630855, 3.9404373046190955, 3.6909869859613496, 3.5789434703003353, 3.1797786213435266, 1.7973943822035956, -0.8605434259688499, 3.9317413965982166, 3.6859203829394587, 3.3162674600365967, 2.5097943702764325, 0.07120422760341397, -2.863625996117463, 3.6012750856087727, 3.9980262414629264, 3.5056447399337363, 2.9344600646227956, 4.099993755344479, 2.1646601197540893, 3.8428561569167554, 4.046108437267909, 3.881261966474355, 3.0226315123238874, 4.097976897499499, 3.975588669041437, 4.087361068305825, 4.073644608274008, 3.971190960627387, 3.1240133243574557, 3.9565676273364763, 4.693293537043884, 4.090012606065279, 4.069439221729421, 4.017691288945401, 3.3905420993802866, 4.152776800397424, 4.249127760974345, 4.098401471665452, 4.083126034325478, 3.81208359214183, 3.088937094074604, 4.108219923081984, 3.698288796054437, 3.984164261643078, 3.9970516656424846, 3.4882770897284825, 2.658439226253182, 3.956641301706646, 3.4763164796842903, 3.6380431579866324, 3.692698895184605, 3.5287527177684397, 3.270629439096199, 3.7994212415942865, 3.236709346802679, 3.2278870824215584, 3.2999195813278024, 3.2858915040091206, 3.225472451144116, 2.9525868239077258, 3.106593498777329, 2.4656415035361183, 2.6723958234510303, 2.66451043429838, 2.3045871526433843, 1.3614417379178356, 0.6440962689621299]}, {"header": {"parameterCategory": 2, "parameterNumber": 3, "lo1": 4.412132, "la1": 45.632894, "dx": 0.1, "dy": 0.1, "nx": 6, "ny": 13, "refTime": "2023-03-11T14:00:00Z"}, "data": [-2.033782989870573, -1.3422309221501405, 0.10993765677344902, 1.5288062592869576, 2.268419653720958, 2.003497666413141, -1.7534845871563112, -1.1310726283634926, -0.2806962351510083, 0.5897128284775089, 1.1047716293148586, 2.065464600716642, -0.6877164011176388, -0.2580989528532649, 0.38879768054168223, 1.4625347583037687, 3.0032271700327557, 3.0821202137525066, -0.7358054024508818, 0.32247624816633524, 1.4008462205047425, 2.580878187541738, 3.399254323814475, 1.640014071390933, -1.7409243974893123, -0.12564303631251342, 1.4664429608324108, 2.085412220433644, 0.0071558463001830655, -4.728027767044756, -1.4291453940194399, -0.6625756665237803, 1.3212893504450953, 1.9554280198224143, 0.12878411222032599, -3.5049528862153534, -0.32168229248416347, -0.4641331764484187, 1.0196285373759046, 1.9825591414222876, 1.0749756324275452, -3.5753315615676975, 0.28600154235091374, -0.4996643079611036, 0.8174085311105084, 1.4812914204605114, 0.62804844246358, -4.785907779190604, 0.1144787187666324, -0.37159357881089833, 1.5093106660071796, 2.0367787383144833, 0.8732291014345893, -5.223280576513024, 0.35557718746576605, 0.15355123635007978, 1.957529806995385, 2.4274885953014045, 1.4088965929510713, -5.373567133020247, 0.6742714443209457, 0.2323249222584595, 1.1126114581658106, 1.5043214656838764, -0.06631914446167753, -4.691877300646318, 0.6861085796986058, 0.023038158983273122, 0.3048229385736532, 0.6973718283027825, 0.5312542209587499, -2.0097454648174815, 0.8249921066532396, 0.38509812100488144, 0.4363303169790751, 1.4067260059695563, 1.4650857975747575, 1.1292209687696486]}], [{"title": "2023-03-11T16:00:00Z", "header": {"parameterCategory": 2, "parameterNumber": 2, "lo1": 4.412132, "la1": 45.632894, "dx": 0.1, "dy": 0.1, "nx": 6, "ny": 13, "refTime": "2023-03-11T16:00:00Z"}, "data": [1.702326115665083, 3.001244590758072, 3.485595395155896, 3.2023588374743865, 2.341957122256004, 0.37031789271994286, 2.294764202755295, 3.2317534875344647, 3.599336563637919, 3.5264708985576387, 3.283632418220183, 1.8524266707952335, 2.9057494833858937, 3.370912528670955, 3.5878945925449317, 3.435265182658597, 2.527750990782585, 0.4186329829028221, 2.8226423068626763, 3.3767802084308522, 3.5408572949281893, 2.9704085938018627, 0.9620581538817251, -1.2026104037030931, 2.2980041528422035, 3.0183125054323234, 2.9195366183312648, 2.218411001394534, 2.5831066504774896, -0.13261808746950285, 3.1726924274339723, 3.4238034586625528, 3.520019652330982, 2.563949780251142, 2.799931765975105, 2.52984708807707, 3.5775645089781474, 3.537406067557015, 3.580278823325784, 2.7909881913468, 2.694210381881999, 3.5363500718099052, 3.589389908016913, 3.4757014711652094, 3.5982236173166338, 3.0229629983472464, 3.141206987032525, 3.6443356166887657, 3.3981307342019744, 3.214763157037677, 3.369342879030443, 2.616207817296362, 3.3229891717466638, 3.187965331212724, 3.066744232185264, 3.0979180207138346, 2.439498568080146, 1.2310589002586678, 2.739128548983449, 2.232994785981379, 2.3750511467398647, 2.563448789633141, 2.124724559295611, 1.5699076441233448, 3.36609458342224, 1.674628436634083, 2.160687004884262, 2.4203691009452695, 2.3355111858025737, 2.2155089480780368, 3.4952033716410082, 2.342892376843, 2.052497776616076, 2.364978956360376, 2.2651222837997507, 1.7408984904294906, 1.8826215038052252, 1.5433206498149157]}, {"header": {"parameterCategory": 2, "parameterNumber": 3, "lo1": 4.412132, "la1": 45.632894, "dx": 0.1, "dy": 0.1, "nx": 6, "ny": 13, "refTime": "2023-03-11T16:00:00Z"}, "data": [-1.9652190198358634, -1.11019408503442, 0.31721403069223053, 1.4124085372333652, 2.60100688917088, 2.7754035127043166, -1.9323708892841598, -1.0562998607444885, 0.06911079263888281, 0.7238805161254729, 1.475722921829662, 2.2312587096359957, -0.7460696614945634, -0.4437890535481757, 0.29497863106814737, 1.076546852121912, 2.563293765567587, 2.8696247883000114, -1.0162137607358743, -0.39668050613773304, 0.6498689229020159, 2.0338812123297765, 3.4690696315510428, 2.638887685541975, -2.2269209490954065, -1.0629156220278493, 0.6901492115643133, 1.7084064589235493, 1.0805369185080922, -3.7976851426725635, -1.701182753528594, -1.1124611797498114, 0.7546268264537586, 1.742458471341605, 0.019547528834292345, -3.2264335900414824, -0.40128815594276995, -0.6683998153880786, 0.37630246776355253, 1.3492164080542153, 0.7623846917136081, -3.0958404625577978, 0.27618850125654715, -0.9378162311135365, -0.11307873268126208, 0.6868003426203486, 0.6105887852049434, -4.251919321075332, -0.11272760652098919, -1.1069317251543327, 0.455553030422193, 1.4681473552465387, 1.0989735958859173, -4.604006629772131, 0.452857388543476, -0.1135954969903264, 1.9128112129363208, 2.175889239849749, 2.178801228231668, -5.135536416556694, 1.2841853644897432, 0.8477796311119934, 1.6659968628800215, 1.9456078713150524, -0.958857265423513, -5.3437458396911515, 1.2575498665755873, 0.6259500101361036, 0.8918449982990628, 1.1582400877996544, 0.18317584685030341, -4.074414719997335, 0.7919929778641127, 0.40850279799847816, 0.7932345425117352, 1.6520509816650093, 0.9304495007307775, -1.4241353067229483]}]]}